35230
6516
26527
22679
13842
35796
59389
6555
44164
42003
16606
53621
37068
37646
36839
45559
21420
39367
63340
6613
36049
270
20519
50198
27766
37283
53702
7295
26457
26360
21125
14618
24999
50095
16405
16510
57743
54863
47221
46044
50571
49900
40715
2525
48726
29618
21703
50679
22101
37562
61573
9525
43286
5018
49783
8242
29343
3818
20852
53208
49450
40348
20170
51779
6491
23118
39909
17546
7882
13075
2074
18420
64924
2980
62241
4888
42887
7744
17925
29737
3070
7443
61245
3909
29114
24358
10975
50250
64675
14006
48288
53724
51069
17350
61849
39185
12793
51416
52034
40146
37633
55679
22145
15302
12750
36572
39100
53724
40810
11688
3213
10580
31589
32772
46944
4305
41596
17341
64527
22245
23171
59264
29691
33225
29882
24487
64264
11723
40121
22917
25330
50378
14038
49905
51837
5879
47962
32590
44245
32627
25725
17419
26489
36936
8669
16456
10672
34564
65000
14039
10664
61539
46494
41677
14745
13206
715
63011
48307
12272
43339
56112
53332
32644
29290
64988
48329
18777
62295
25593
22796
13378
58889
60937
41470
636
29774
42646
61039
35881
41978
65253
45415
15839
63216
45028
58041
24307
47859
26282
56865
17241
47437
43081
47730
9459
20088
61911
57264
51784
7023
19287
35826
56131
48770
38676
18005
61876
25902
26389
11500
6507
48562
8169
336
48398
21059
32637
46734
30536
47785
6149
40501
7774
14537
3785
45057
47150
14956
5299
33720
4364
11168
32652
40529
3726
58077
3777
36258
51874
28535
59850
53258
12700
64945
63750
47831
37156
63092
53367
64013
60603
11638
63019
4500
22771
23468
39200
41587
18095
59265
37000
31053
58943
1264
15261
25976
23767
1768
7967
3300
53383
42663
46094
55241
38130
30161
4880
21259
28855
25251
5510
10419
54834
31687
16659
56846
29902
8254
47146
44541
4250
47321
23242
3947
36393
35114
57756
12933
30707
13993
46079
7899
29142
19379
29437
14294
32203
16833
8223
4029
11421
57459
39913
23120
50255
61136
11395
62219
40585
5796
20001
44706
63993
18583
15452
44868
52262
6039
12765
16046
52311
9397
4945
35568
38358
26377
9963
49934
58991
34463
11299
57774
20433
41795
62231
21970
15738
18782
53476
48885
42943
27984
39567
8765
50433
33271
19102
38130
16137
61113
810
1163
412
44427
42607
59685
25411
59266
61394
41995
55251
18318
32372
39862
22611
3174
5493
53518
25310
54711
60695
24990
47668
49795
1852
55178
38229
53357
20869
9496
38521
62212
64496
1634
58369
4076
54384
17147
65520
50787
64200
58031
16728
36695
44133
1778
2317
37982
53768
23948
15982
26735
63808
23471
17398
15043
22054
59955
15432
58299
44709
24466
8538
23192
52342
33133
14058
23097
28030
29019
51563
45138
4208
30381
55696
28412
23765
21479
21682
55577
63267
33359
14818
55369
2719
15119
40059
23638
45168
35799
52763
35083
7501
61213
13607
48637
27146
36393
61543
36041
10018
46980
34462
45906
17512
26385
34815
20823
15552
26804
24993
20773
48671
33437
16064
27399
2142
50252
58055
12218
5716
6675
68
6412
62350
22018
61019
3544
52025
11676
23986
61763
43419
6897
4719
29117
17857
30416
55260
9136
42198
35893
9927
9200
63495
20942
65369
46926
45412
6409
38027
9507
45077
402
53421
64265
20566
47037
51663
60843
42236
50080
45236
9982
44588
63556
65379
23102
53357
56905
62420
54108
28679
60979
8579
42750
31566
13331
59595
31609
62247
23397
24140
16114
32753
60943
62968
48387
47743
49068
38687
62347
43244
32304
30338
25682
44659
21812
46149
25804
49076
37336
43726
41041
33560
35977
42115
36
21120
35904
15879
59768
4478
20070
42110
305
62741
51045
39102
16590
45276
9396
17414
19678
50292
10667
30439
27898
42164
28529
33214
54432
16803
38234
64937
50373
34100
62803
16301
27843
11252
22166
56270
59300
8050
29537
17836
42505
57226
64407
54741
32296
43861
18926
201
18446
57601
61992
31966
48488
23860
2194
12544
32564
43902
56505
46591
61894
18815
26129
49401
44545
35452
53391
9655
50848
18707
9320
5527
5953
17709
38361
35213
22997
3313
31825
15760
17227
42298
37302
34840
27427
55425
61179
35685
6202
28469
14711
34281
8403
27049
51161
20058
6660
14107
52646
39982
60462
28232
11184
37207
11446
38813
41628
58361
4535
34538
19802
207
32831
46889
27564
59262
14880
16077
17358
23310
663
45524
54580
12481
14968
37245
2171
6301
53803
29619
14624
39801
62219
36510
22526
19587
45012
52016
24726
17961
48617
27840
35510
5796
23756
65396
5361
48307
26394
58425
64973
25739
9821
758
47424
15586
4583
64371
20654
10057
40520
28346
17625
50104
49097
34337
36368
38729
42001
52962
48845
59507
26331
31051
21234
39226
28867
28046
51529
26771
42735
56877
10570
55671
19398
46389
58139
44649
13714
40519
38714
48518
60633
30697
50443
35303
2726
39719
55043
56730
21607
58695
42915
51631
12392
33996
50970
21036
4257
48357
19864
24762
56056
43428
25870
50205
31530
22428
26120
19197
5317
35716
4384
55290
30791
30195
14619
29151
56940
23846
60358
16198
42446
24192
39130
26493
6642
44032
55662
29924
46404
47897
48948
60930
64099
25218
7235
60442
57853
53278
6543
59016
64064
65309
65222
17326
4378
7473
354
29020
35911
21638
48507
57631
11957
13098
2214
49032
54142
26673
47366
12803
51373
36651
53290
21511
45199
3047
64864
46080
48330
38657
21774
14594
23504
40952
22047
52719
3380
26455
16883
64506
38045
881
31463
30493
37757
84
6065
6595
10187
6216
23162
41916
22450
33199
61579
57767
12387
27005
11792
28661
50727
37717
14399
48429
65261
29063
51671
3376
56334
52263
62060
14396
1261
47014
37591
34685
42997
58475
4134
7087
31596
31458
40341
37689
10427
50688
58545
27273
48299
59851
48160
46422
43703
6244
194
6233
29263
63059
44412
17133
16370
47904
39611
56714
51877
44363
13200
59111
54734
48433
12734
42140
57573
39261
36852
38655
46976
50287
18576
43414
25968
8587
52068
9053
540
33827
60586
35622
23689
916
13994
54922
44079
54836
15594
15155
31489
703
50995
60812
18459
18092
19143
62186
16833
41964
19639
2636
38331
25978
32763
3205
31314
22519
166
9403
19704
65191
10755
60230
8103
50625
39728
59706
18523
28023
60392
59506
4060
64877
60714
58697
23498
39708
40495
37454
7344
16045
63787
23935
